0	16	101	117	136	137	138	151	152	153	154	158	159	168	169	181	185	186	187	188	189	201	218	234	239	254	255
2	17	18	32	33	52	68	69	84
103	156	157	170	171	172	173	174
182	202	216	217	232	233	249
66	82	83	97	98	99
116	118	132	133	134	148
21	36	37	38	53
24	39	40	55	56
3	19	20	35
6	7	8	23
48	64	65	80
71	72	86	102
128	144	145	160
139	155	190	191
1	49	81
87	104	105
149	165	167
184	199	200
34	50
51	67
85	183
88	135
119	120
150	166
4
5
9
10
11
12
13
14
15
22
25
26
27
28
29
30
31
41
42
43
44
45
46
47
54
57
58
59
60
61
62
63
70
73
74
75
76
77
78
79
89
90
91
92
93
94
95
96
100
106
107
108
109
110
111
112
113
114
115
121
122
123
124
125
126
127
129
130
131
140
141
142
143
146
147
161
162
163
164
175
176
177
178
179
180
192
193
194
195
196
197
198
203
204
205
206
207
208
209
210
211
212
213
214
215
219
220
221
222
223
224
225
226
227
228
229
230
231
235
236
237
238
240
241
242
243
244
245
246
247
248
250
251
252
253
