0	16	120	134	135	136	137	138	152	153	154	158	159	167	168	169	181	182	185	199	219	220	235	236	239	252	254	255
2	17	18	32	33	52	68	69	84
71	72	73	87	88	89	104	105
7	8	23	24	39	40
215	216	217	232	233	249
85	86	101	102	118
103	156	170	171	172
116	117	132	229	245
157	173	174	175	189
186	187	202	218	234
3	4	19	50
48	65	96	97
66	82	83	98
1	49	81
35	51	67
133	149	151
139	140	201
155	190	191
64	80
150	166
165	183
5
6
9
10
11
12
13
14
15
20
21
22
25
26
27
28
29
30
31
34
36
37
38
41
42
43
44
45
46
47
53
54
55
56
57
58
59
60
61
62
63
70
74
75
76
77
78
79
90
91
92
93
94
95
99
100
106
107
108
109
110
111
112
113
114
115
119
121
122
123
124
125
126
127
128
129
130
131
141
142
143
144
145
146
147
148
160
161
162
163
164
176
177
178
179
180
184
188
192
193
194
195
196
197
198
200
203
204
205
206
207
208
209
210
211
212
213
214
221
222
223
224
225
226
227
228
230
231
237
238
240
241
242
243
244
246
247
248
250
251
253
