0	16	83	84	101	117	120	135	136	137	138	151	152	153	154	158	159	168	169	170	185	186	187	188	189	202	218	234	239	254	255
1	2	17	18	32	33	48	64	68	80
103	116	118	119	132	133	134	148	149	215
72	73	88	89	104	105
21	36	37	52	53
66	82	97	98	99
216	217	232	233	249
3	19	20	35
150	166	167	182
157	172	173	174
49	65	81
140	156	171
155	190	191
50	51
69	85
139	201
184	200
4
5
6
7
8
9
10
11
12
13
14
15
22
23
24
25
26
27
28
29
30
31
34
38
39
40
41
42
43
44
45
46
47
54
55
56
57
58
59
60
61
62
63
67
70
71
74
75
76
77
78
79
86
87
90
91
92
93
94
95
96
100
102
106
107
108
109
110
111
112
113
114
115
121
122
123
124
125
126
127
128
129
130
131
141
142
143
144
145
146
147
160
161
162
163
164
165
175
176
177
178
179
180
181
183
192
193
194
195
196
197
198
199
203
204
205
206
207
208
209
210
211
212
213
214
219
220
221
222
223
224
225
226
227
228
229
230
231
235
236
237
238
240
241
242
243
244
245
246
247
248
250
251
252
253
