0	16	120	133	136	137	138	149	151	152	153	154	158	159	167	168	169	170	181	183	184	220	235	236	239	254	255
182	198	199	200	215	216	217	232	233	234	249
6	7	8	23	24	55
85	101	102	118	134	135
103	155	156	157	171	173
1	49	80	81	97
17	64	68	69	84
185	186	187	202	218
66	82	83	98
128	144	145	160
219	251	252	253
2	3	18
32	33	96
34	50	51
39	40	56
71	87	104
72	73	89
117	229	245
139	140	201
150	165	166
48	65
4
5
9
10
11
12
13
14
15
19
20
21
22
25
26
27
28
29
30
31
35
36
37
38
41
42
43
44
45
46
47
52
53
54
57
58
59
60
61
62
63
67
70
74
75
76
77
78
79
86
88
90
91
92
93
94
95
99
100
105
106
107
108
109
110
111
112
113
114
115
116
119
121
122
123
124
125
126
127
129
130
131
132
141
142
143
146
147
148
161
162
163
164
172
174
175
176
177
178
179
180
188
189
190
191
192
193
194
195
196
197
203
204
205
206
207
208
209
210
211
212
213
214
221
222
223
224
225
226
227
228
230
231
237
238
240
241
242
243
244
246
247
248
250
