135	136	137	138	148	149	151	152	153	154	165	168	169	170	172	183	185	186	187	188	218	220	235	236	239	254	255
0	1	2	17	18	32	33	134
72	73	87	88	89	103	104	105
64	65	80	82	96	97	98
202	216	217	232	233	234	249
3	4	34	49	50	81
66	116	117	132	229	245
156	158	171	173	174	175
21	36	37	38	53
203	219	251	252	253
7	8	23	24
39	40	55	56
68	69	84	199
71	86	101	102
128	144	145	160
19	20	35
51	52	67
85	118	133
119	120	215
139	140	201
150	166	167
155	190	191
157	189
5
6
9
10
11
12
13
14
15
16
22
25
26
27
28
29
30
31
41
42
43
44
45
46
47
48
54
57
58
59
60
61
62
63
70
74
75
76
77
78
79
83
90
91
92
93
94
95
99
100
106
107
108
109
110
111
112
113
114
115
121
122
123
124
125
126
127
129
130
131
141
142
143
146
147
159
161
162
163
164
176
177
178
179
180
181
182
184
192
193
194
195
196
197
198
200
204
205
206
207
208
209
210
211
212
213
214
221
222
223
224
225
226
227
228
230
231
237
238
240
241
242
243
244
246
247
248
250
