0	16	68	83	84	100	134	137	138	151	152	153	154	167	168	169	181	184	185	186	187	188	189	202	218	236	239	252	254	255
103	136	157	158	170	171	173	174	175
182	198	217	232	233	234	249
1	2	17	18	32	33
48	64	65	80	97	98
155	190	191	206	207	223
21	36	37	38	53
72	87	88	104	105
3	19	20	35
7	8	23	24
39	40	55	56
49	66	81	82
116	118	132	133
128	144	145	160
140	141	156	172
199	200	215	216
51	52	67
71	86	102
85	101	183
117	229	245
119	120	135
148	149	165
34	50
73	89
139	201
4
5
6
9
10
11
12
13
14
15
22
25
26
27
28
29
30
31
41
42
43
44
45
46
47
54
57
58
59
60
61
62
63
69
70
74
75
76
77
78
79
90
91
92
93
94
95
96
99
106
107
108
109
110
111
112
113
114
115
121
122
123
124
125
126
127
129
130
131
142
143
146
147
150
159
161
162
163
164
166
176
177
178
179
180
192
193
194
195
196
197
203
204
205
208
209
210
211
212
213
214
219
220
221
222
224
225
226
227
228
230
231
235
237
238
240
241
242
243
244
246
247
248
250
251
253
