0	16	68	83	84	100	120	135	136	137	138	151	152	153	154	168	169	170	181	184	185	186	187	202	218	220	236	239	254	255
6	7	8	23	24	40	55
1	2	17	18	64	80
3	4	32	33	34	50
48	51	67	97	98	99
112	128	129	144	145	160
203	219	235	251	252	253
21	36	37	38	53
49	65	66	81	82
155	174	190	191
182	216	217	232
19	20	35
39	72	88
71	86	102
85	101	183
87	103	104
89	105	119
116	132	133
117	229	245
139	140	201
148	149	165
150	166	167
156	157	189
171	172	173
118	134
5
9
10
11
12
13
14
15
22
25
26
27
28
29
30
31
41
42
43
44
45
46
47
52
54
56
57
58
59
60
61
62
63
69
70
73
74
75
76
77
78
79
90
91
92
93
94
95
96
106
107
108
109
110
111
113
114
115
121
122
123
124
125
126
127
130
131
141
142
143
146
147
158
159
161
162
163
164
175
176
177
178
179
180
188
192
193
194
195
196
197
198
199
200
204
205
206
207
208
209
210
211
212
213
214
215
221
222
223
224
225
226
227
228
230
231
233
234
237
238
240
241
242
243
244
246
247
248
249
250
