0	16	68	83	84	100	120	133	134	135	136	137	138	139	148	149	151	152	153	154	158	159	165	167	168	169	170	183	184	185	186	187	188	189	201	202	218	220	235	236	239	254	255
1	2	17	32	33	49	96
21	36	37	38	53
24	39	40	55	56
85	101	102	118	119
3	19	20	35
6	7	8	23
87	88	103	104
156	171	172	173
199	200	215	216
219	251	252	253
48	64	65
51	52	67
66	82	98
80	81	97
116	117	132
155	190	191
181	182	217
18	34
157	174
4
5
9
10
11
12
13
14
15
22
25
26
27
28
29
30
31
41
42
43
44
45
46
47
50
54
57
58
59
60
61
62
63
69
70
71
72
73
74
75
76
77
78
79
86
89
90
91
92
93
94
95
99
105
106
107
108
109
110
111
112
113
114
115
121
122
123
124
125
126
127
128
129
130
131
140
141
142
143
144
145
146
147
150
160
161
162
163
164
166
175
176
177
178
179
180
192
193
194
195
196
197
198
203
204
205
206
207
208
209
210
211
212
213
214
221
222
223
224
225
226
227
228
229
230
231
232
233
234
237
238
240
241
242
243
244
245
246
247
248
249
250
