0	16	120	136	137	138	139	150	151	152	153	154	158	159	166	167	168	169	182	183	184	185	187	188	189	201	236	239	252	254	255
140	155	156	170	171	172	191	207	223
1	2	17	18	33	34	66	81
85	116	118	132	133	134
112	128	129	144	145	160
202	216	217	232	233	249
21	36	37	38	53
32	48	51	52	67
64	65	80	96	97
3	4	49	50
39	40	55	56
68	69	84	199
71	86	101	102
141	157	173	174
19	20	35
72	103	104
87	88	135
186	218	234
73	89
119	215
5
6
7
8
9
10
11
12
13
14
15
22
23
24
25
26
27
28
29
30
31
41
42
43
44
45
46
47
54
57
58
59
60
61
62
63
70
74
75
76
77
78
79
82
83
90
91
92
93
94
95
98
99
100
105
106
107
108
109
110
111
113
114
115
117
121
122
123
124
125
126
127
130
131
142
143
146
147
148
149
161
162
163
164
165
175
176
177
178
179
180
181
190
192
193
194
195
196
197
198
200
203
204
205
206
208
209
210
211
212
213
214
219
220
221
222
224
225
226
227
228
229
230
231
235
237
238
240
241
242
243
244
245
246
247
248
250
251
253
